1 1.3372e-05
2 1.7144e-05
3 1.411e-05
4 1.478e-05
5 1.6813e-05
6 1.7583e-05
7 1.6019e-05
8 2.2946e-05
9 1.8776e-05
10 2.2573e-05
20 2.0579e-05
30 2.6645e-05
40 3.2542e-05
50 3.5824e-05
60 4.5198e-05
70 4.4817e-05
80 4.9164e-05
90 5.379e-05
100 5.7974e-05
200 0.000102671
300 0.00015485
400 0.000205245
500 0.000238083
600 0.000283295
700 0.00033825
800 0.000384476
900 0.000418423
1000 0.000463297
2000 0.000930247
3000 0.00137518
4000 0.0018613
5000 0.00227122
6000 0.00273177
7000 0.00321279
8000 0.00364776
9000 0.00407649
10000 0.00456431
20000 0.00904471
30000 0.0136916
40000 0.0181032
50000 0.0225874
60000 0.0271113
70000 0.0316032
80000 0.0361206
90000 0.0406419
100000 0.0451449
200000 0.0903343
300000 0.135461
400000 0.180578
500000 0.225844
600000 0.27086
700000 0.315968
800000 0.361093
900000 0.406401
1000000 0.451412
2000000 0.90302
3000000 1.35431
4000000 1.80555
5000000 2.2569
6000000 2.70823
7000000 3.16068
8000000 3.61069
9000000 4.06251
10000000 4.51354
20000000 9.02654
30000000 13.5399
40000000 18.0536
50000000 22.5696
60000000 27.0825
70000000 31.5923
80000000 36.1051
90000000 40.6163
100000000 45.1281
