1 1.5002e-05
2 1.1894e-05
3 1.848e-05
4 1.1999e-05
5 1.9912e-05
6 1.4253e-05
7 1.4323e-05
8 1.4172e-05
9 1.3916e-05
10 1.4068e-05
20 1.1708e-05
30 2.0287e-05
40 1.1871e-05
50 1.3428e-05
60 1.4098e-05
70 1.7178e-05
80 2.0305e-05
90 1.3521e-05
100 1.3802e-05
200 1.6744e-05
300 1.3021e-05
400 1.9545e-05
500 1.4898e-05
600 1.5076e-05
700 1.4358e-05
800 1.6518e-05
900 1.594e-05
1000 1.5193e-05
2000 2.6335e-05
3000 2.263e-05
4000 2.616e-05
5000 2.884e-05
6000 3.2612e-05
7000 3.4667e-05
8000 3.9905e-05
9000 4.7151e-05
10000 5.0201e-05
20000 7.4929e-05
30000 0.000122684
40000 0.000140529
50000 0.000169268
60000 0.000201443
70000 0.000227461
80000 0.000265338
90000 0.000288798
100000 0.000324716
200000 0.000669477
300000 0.000935679
400000 0.00128582
500000 0.00155451
600000 0.00186154
700000 0.00219268
800000 0.00248649
900000 0.00277623
1000000 0.00308315
2000000 0.00615782
3000000 0.00924547
4000000 0.0123127
5000000 0.0153368
6000000 0.0183921
7000000 0.0214717
8000000 0.0245257
9000000 0.0275917
10000000 0.0306437
20000000 0.0612884
30000000 0.0919204
40000000 0.12257
50000000 0.153237
60000000 0.183958
70000000 0.214551
80000000 0.245103
90000000 0.275726
100000000 0.306451
