1 1.7958e-05
2 1.3303e-05
3 1.2894e-05
4 1.376e-05
5 1.314e-05
6 1.3461e-05
7 1.3256e-05
8 1.9432e-05
9 1.198e-05
10 1.3443e-05
20 2.0122e-05
30 1.8618e-05
40 1.7344e-05
50 1.2949e-05
60 1.3389e-05
70 1.4595e-05
80 1.3463e-05
90 1.8311e-05
100 2.1996e-05
200 2.0803e-05
300 2.0673e-05
400 2.45e-05
500 2.6856e-05
600 2.6902e-05
700 2.7912e-05
800 3.1349e-05
900 3.387e-05
1000 3.6083e-05
2000 5.9067e-05
3000 8.7917e-05
4000 0.000109638
5000 0.000126127
6000 0.000150219
7000 0.000173192
8000 0.000196193
9000 0.000221081
10000 0.000256384
20000 0.000484887
30000 0.000721659
40000 0.000938844
50000 0.00115883
60000 0.00139945
70000 0.00166341
80000 0.00189746
90000 0.00208925
100000 0.00231845
200000 0.00465828
300000 0.00690277
400000 0.00920579
500000 0.0115188
600000 0.0137883
700000 0.0161296
800000 0.0184027
900000 0.0206951
1000000 0.022977
2000000 0.0459505
3000000 0.0688725
4000000 0.091876
5000000 0.114741
6000000 0.137778
7000000 0.160807
8000000 0.18364
9000000 0.206851
10000000 0.229801
20000000 0.45893
30000000 0.688382
40000000 0.91789
50000000 1.14756
60000000 1.37669
70000000 1.60654
80000000 1.83572
90000000 2.06538
100000000 2.29487
