1 1.8093e-05
2 2.5318e-05
3 2.8236e-05
4 3.1659e-05
5 3.7156e-05
6 4.3197e-05
7 5.0613e-05
8 5.3203e-05
9 5.8225e-05
10 6.9074e-05
20 0.000113362
30 0.000174181
40 0.00022903
50 0.000264453
60 0.000310033
70 0.000360489
80 0.000410593
90 0.000459821
100 0.000514784
200 0.00101248
300 0.0015125
400 0.00201568
500 0.00255126
600 0.00301546
700 0.00354991
800 0.00401248
900 0.0045147
1000 0.00501114
2000 0.00999405
3000 0.0149762
4000 0.0199673
5000 0.0249445
6000 0.0299354
7000 0.0349197
8000 0.0399319
9000 0.0449025
10000 0.0498881
20000 0.0997463
30000 0.149591
40000 0.199469
50000 0.249328
60000 0.299242
70000 0.349029
80000 0.398943
90000 0.44881
100000 0.498651
200000 0.997371
300000 1.49596
400000 1.99466
500000 2.4934
600000 2.99219
700000 3.49113
800000 3.98912
900000 4.48787
1000000 4.98663
2000000 9.97305
3000000 14.9611
4000000 19.9475
5000000 24.9382
6000000 29.9291
7000000 34.9113
8000000 39.904
9000000 44.8873
10000000 49.8721
20000000 99.7475
30000000 149.684
40000000 199.575
50000000 249.471
60000000 299.356
70000000 349.247
80000000 399.152
90000000 449.052
100000000 498.935
